eig
   	eigenvalue	percentage of variance	cumulative percentage of variance	
comp 1	4.1242	41.2421	41.2421	
comp 2	1.8385	18.3853	59.6274	
comp 3	1.2391	12.3914	72.0188	
comp 4	0.8194	8.1944	80.2132	
comp 5	0.7016	7.0155	87.2288	
comp 6	0.4229	4.2288	91.4576	
comp 7	0.3026	3.0258	94.4834	
comp 8	0.2745	2.7447	97.2281	
comp 9	0.1552	1.5522	98.7803	
comp 10	0.122	1.2197	100	

var
coord
   	Dim.1	Dim.2	Dim.3	Dim.4	Dim.5	
X100m	-0.8506	-0.1794	0.3016	0.0336	-0.1944	
Long.jump	0.7942	0.2809	-0.1905	-0.1154	0.2332	
Shot.put	0.7339	0.0854	0.5176	0.1285	-0.2488	
High.jump	0.6101	-0.4652	0.3301	0.1446	0.4027	
X400m	-0.7016	0.2902	0.2835	0.4308	0.1039	
X110m.hurdle	-0.7641	-0.0247	0.4489	-0.0169	0.2242	
Discus	0.7432	0.0497	0.1765	0.395	-0.4082	
Pole.vault	-0.2173	0.8075	0.0941	-0.339	-0.2217	
Javeline	0.4282	0.3861	0.6041	-0.3317	0.1978	
X1500m	0.0043	0.7845	-0.2195	0.448	0.2633	

cor
   	Dim.1	Dim.2	Dim.3	Dim.4	Dim.5	
X100m	-0.8506	-0.1794	0.3016	0.0336	-0.1944	
Long.jump	0.7942	0.2809	-0.1905	-0.1154	0.2332	
Shot.put	0.7339	0.0854	0.5176	0.1285	-0.2488	
High.jump	0.6101	-0.4652	0.3301	0.1446	0.4027	
X400m	-0.7016	0.2902	0.2835	0.4308	0.1039	
X110m.hurdle	-0.7641	-0.0247	0.4489	-0.0169	0.2242	
Discus	0.7432	0.0497	0.1765	0.395	-0.4082	
Pole.vault	-0.2173	0.8075	0.0941	-0.339	-0.2217	
Javeline	0.4282	0.3861	0.6041	-0.3317	0.1978	
X1500m	0.0043	0.7845	-0.2195	0.448	0.2633	

cos2
   	Dim.1	Dim.2	Dim.3	Dim.4	Dim.5	
X100m	0.7236	0.0322	0.0909	0.0011	0.0378	
Long.jump	0.6307	0.0789	0.0363	0.0133	0.0544	
Shot.put	0.5386	0.0073	0.2679	0.0165	0.0619	
High.jump	0.3722	0.2164	0.109	0.0209	0.1622	
X400m	0.4922	0.0842	0.0804	0.1856	0.0108	
X110m.hurdle	0.5839	6e-04	0.2015	3e-04	0.0503	
Discus	0.5524	0.0025	0.0312	0.156	0.1667	
Pole.vault	0.0472	0.652	0.0088	0.1149	0.0491	
Javeline	0.1834	0.1491	0.365	0.11	0.0391	
X1500m	0	0.6154	0.0482	0.2007	0.0693	

contrib
   	Dim.1	Dim.2	Dim.3	Dim.4	Dim.5	
X100m	17.5443	1.7505	7.3387	0.1376	5.3893	
Long.jump	15.2932	4.2904	2.9301	1.6249	7.7488	
Shot.put	13.0601	0.3967	21.6204	2.0141	8.8244	
High.jump	9.0248	11.7716	8.7929	2.5499	23.1155	
X400m	11.9355	4.5799	6.4876	22.6509	1.539	
X110m.hurdle	14.1575	0.0333	16.2613	0.0348	7.1662	
Discus	13.3931	0.1341	2.5147	19.0413	23.7558	
Pole.vault	1.1446	35.4619	0.714	14.0231	7.0051	
Javeline	4.4464	8.1087	29.4532	13.4296	5.5776	
X1500m	4e-04	33.4729	3.8872	24.4939	9.8784	

ind
coord
   	Dim.1	Dim.2	Dim.3	Dim.4	Dim.5	
SEBRLE	0.1955	1.5891	0.6425	0.0839	1.1683	
CLAY	0.8079	2.4748	-1.3874	1.2984	-0.825	
BERNARD	-1.3591	1.6481	0.2006	-1.9641	0.0842	
YURKOV	-0.889	-0.4426	2.5296	0.7129	0.4078	
ZSIVOCZKY	-0.1081	-2.0688	-1.3343	-0.1015	-0.2015	
McMULLEN	0.1212	-1.0139	-0.8625	1.3416	1.6215	
MARTINEAU	-2.4461	-1.3138	0.9184	0.3815	-2.2938	
HERNU	-1.9336	1.2049	0.1599	0.9113	-0.1296	
BARRAS	-1.8143	-0.4218	-0.673	0.2339	-0.2391	
NOOL	-2.8394	-1.608	-0.6209	-1.5904	1.4562	
BOURGUIGNON	-4.5129	1.292	0.0103	0.6817	0.4286	
Sebrle	3.529	1.2443	1.7159	-0.8269	-0.0256	
Clay	3.3908	1.6598	0.6323	-0.3239	0.582	
Karpov	4.1618	-0.8163	-1.0378	0.3204	-0.8153	
Macey	1.89	-2.1103	1.0013	0.5978	-2e-04	
Warners	1.4185	0.2882	-2.0446	-1.0425	-0.0415	
Zsivoczky	0.4822	-0.9476	1.767	-0.189	0.4165	
Hernu	0.2825	-1.1919	-0.1744	-0.8678	-0.705	
Bernard	1.398	-1.5113	-0.8501	0.7621	0.8791	
Schwarzl	-0.7262	0.6732	-1.0641	-0.948	-0.2952	
Pogorelov	-0.2192	0.8804	-0.3043	1.3861	-0.0154	
Schoenbeck	-0.5064	1.3293	-0.1053	-0.2549	-0.6597	
Barras	-0.323	-0.8378	0.8811	-0.6026	-0.7973	

cos2
   	Dim.1	Dim.2	Dim.3	Dim.4	Dim.5	
SEBRLE	0.0075	0.4975	0.0813	0.0014	0.2689	
CLAY	0.0487	0.457	0.1436	0.1258	0.0508	
BERNARD	0.1972	0.29	0.0043	0.4118	8e-04	
YURKOV	0.0961	0.0238	0.7782	0.0618	0.0202	
ZSIVOCZKY	0.0016	0.5764	0.2398	0.0014	0.0055	
McMULLEN	0.0022	0.1522	0.1101	0.2665	0.3893	
MARTINEAU	0.404	0.1165	0.0569	0.0098	0.3553	
HERNU	0.3993	0.1551	0.0027	0.0887	0.0018	
BARRAS	0.6162	0.0333	0.0848	0.0102	0.0107	
NOOL	0.4899	0.1571	0.0234	0.1537	0.1288	
BOURGUIGNON	0.8597	0.0705	0	0.0196	0.0078	
Sebrle	0.6754	0.084	0.1597	0.0371	0	
Clay	0.6876	0.1648	0.0239	0.0063	0.0203	
Karpov	0.7837	0.0301	0.0487	0.0046	0.0301	
Macey	0.3634	0.4531	0.102	0.0364	0	
Warners	0.2557	0.0106	0.5311	0.1381	2e-04	
Zsivoczky	0.0451	0.174	0.6051	0.0069	0.0336	
Hernu	0.0248	0.4418	0.0095	0.2342	0.1546	
Bernard	0.2893	0.3381	0.107	0.086	0.1144	
Schwarzl	0.1167	0.1003	0.2506	0.1989	0.0193	
Pogorelov	0.0078	0.1259	0.015	0.3121	0	
Schoenbeck	0.0671	0.462	0.0029	0.017	0.1138	
Barras	0.019	0.1277	0.1412	0.066	0.1156	

contrib
   	Dim.1	Dim.2	Dim.3	Dim.4	Dim.5	
SEBRLE	0.0403	5.9715	1.4484	0.0373	8.4589	
CLAY	0.6881	14.4839	6.7537	8.9446	4.2179	
BERNARD	1.9474	6.4234	0.1411	20.4682	0.0439	
YURKOV	0.8331	0.4633	22.4517	2.6966	1.0308	
ZSIVOCZKY	0.0123	10.1217	6.2464	0.0547	0.2515	
McMULLEN	0.0155	2.4311	2.6103	9.5506	16.2949	
MARTINEAU	6.3079	4.0819	2.9592	0.7722	32.6071	
HERNU	3.9413	3.4335	0.0897	4.4066	0.1041	
BARRAS	3.4703	0.4207	1.5891	0.2902	0.3543	
NOOL	8.4994	6.1148	1.3527	13.4211	13.1416	
BOURGUIGNON	21.4708	3.9474	4e-04	2.466	1.1383	
Sebrle	13.1292	3.6613	10.3306	3.6278	0.0041	
Clay	12.1206	6.5148	1.4028	0.5567	2.0989	
Karpov	18.26	1.5758	3.7792	0.5447	4.12	
Macey	3.7658	10.5312	3.5178	1.8963	0	
Warners	2.1213	0.1965	14.6685	5.7666	0.0106	
Zsivoczky	0.2451	2.1234	10.9553	0.1895	1.0749	
Hernu	0.0841	3.3597	0.1067	3.9954	3.0801	
Bernard	2.0603	5.401	2.5355	3.0813	4.7898	
Schwarzl	0.556	1.0718	3.9733	4.7685	0.5402	
Pogorelov	0.0506	1.833	0.3249	10.1935	0.0015	
Schoenbeck	0.2704	4.1786	0.0389	0.3447	2.6974	
Barras	0.11	1.6598	2.7237	1.9267	3.9393	

dist
2.252966	3.660804	3.060617	2.867445	2.724941	2.598958	3.848396	3.059956	2.311227	4.056839	4.867273	4.294174	4.089129	4.701314	3.135084	2.805527	2.271541	1.793136	2.598924	2.125717	2.481059	1.955559	2.344874	
svd
vs
2.030816	1.355924	1.113167	0.9052294	0.8375875	0.6502944	0.5500742	0.5238988	0.3939758	0.3492435	
U
   	
	0.0963	1.1719	0.5772	0.0927	1.3948	
	0.3978	1.8252	-1.2463	1.4343	-0.985	
	-0.6693	1.2155	0.1802	-2.1697	0.1005	
	-0.4377	-0.3264	2.2724	0.7875	0.4869	
	-0.0532	-1.5258	-1.1986	-0.1122	-0.2405	
	0.0597	-0.7478	-0.7748	1.4821	1.9359	
	-1.2045	-0.9689	0.825	0.4214	-2.7385	
	-0.9521	0.8887	0.1437	1.0067	-0.1547	
	-0.8934	-0.3111	-0.6046	0.2584	-0.2855	
	-1.3982	-1.1859	-0.5578	-1.7569	1.7386	
	-2.2222	0.9528	0.0092	0.7531	0.5117	
	1.7377	0.9177	1.5414	-0.9135	-0.0306	
	1.6697	1.2241	0.568	-0.3578	0.6948	
	2.0493	-0.602	-0.9323	0.354	-0.9734	
	0.9307	-1.5563	0.8995	0.6604	-3e-04	
	0.6985	0.2126	-1.8368	-1.1517	-0.0495	
	0.2374	-0.6988	1.5874	-0.2088	0.4972	
	0.1391	-0.8791	-0.1567	-0.9586	-0.8417	
	0.6884	-1.1146	-0.7636	0.8418	1.0496	
	-0.3576	0.4965	-0.956	-1.0473	-0.3525	
	-0.1079	0.6493	-0.2734	1.5312	-0.0184	
	-0.2494	0.9803	-0.0946	-0.2816	-0.7877	
	-0.159	-0.6179	0.7915	-0.6657	-0.9519	

V
   	
	-0.4189	-0.1323	0.2709	0.0371	-0.2321	
	0.3911	0.2071	-0.1712	-0.1275	0.2784	
	0.3614	0.063	0.465	0.1419	-0.2971	
	0.3004	-0.3431	0.2965	0.1597	0.4808	
	-0.3455	0.214	0.2547	0.4759	0.1241	
	-0.3763	-0.0182	0.4033	-0.0187	0.2677	
	0.366	0.0366	0.1586	0.4364	-0.4874	
	-0.107	0.5955	0.0845	-0.3745	-0.2647	
	0.2109	0.2848	0.5427	-0.3665	0.2362	
	0.0021	0.5786	-0.1972	0.4949	0.3143	

ind.sup
coord
   	Dim.1	Dim.2	Dim.3	Dim.4	Dim.5	
KARPOV	0.7947	0.7795	-1.633	1.7242	-0.7507	
WARNERS	-0.3865	-0.1216	-1.7387	-0.7063	-0.0323	
Nool	-0.5591	1.9775	-0.483	-2.2785	-0.2546	
Drews	-1.1092	0.0174	-3.0488	-1.5343	-0.3264	

cos2
   	Dim.1	Dim.2	Dim.3	Dim.4	Dim.5	
KARPOV	0.051	0.0491	0.2155	0.2403	0.0455	
WARNERS	0.0242	0.0024	0.4904	0.0809	2e-04	
Nool	0.029	0.3624	0.0216	0.4811	0.006	
Drews	0.0921	0	0.6956	0.1762	0.008	

dist
3.51747	2.482899	3.284943	3.655527	
quanti.sup
coord
   	Dim.1	Dim.2	Dim.3	Dim.4	Dim.5	
Rank	-0.7015	-0.2452	-0.1834	0.0558	-0.0738	
Points	0.9637	0.0777	0.158	-0.1662	-0.0311	

cor
   	Dim.1	Dim.2	Dim.3	Dim.4	Dim.5	
Rank	-0.7015	-0.2452	-0.1834	0.0558	-0.0738	
Points	0.9637	0.0777	0.158	-0.1662	-0.0311	

cos2
   	Dim.1	Dim.2	Dim.3	Dim.4	Dim.5	
Rank	0.4921	0.0601	0.0336	0.0031	0.0055	
Points	0.9287	0.006	0.025	0.0276	0.001	

quali.sup
coord
   	Dim.1	Dim.2	Dim.3	Dim.4	Dim.5	
Decastar	-1.3435	0.1218	-0.0379	0.1808	0.1343	
OlympicG	1.2315	-0.1117	0.0347	-0.1658	-0.1231	

cos2
   	Dim.1	Dim.2	Dim.3	Dim.4	Dim.5	
Decastar	0.9051	0.0074	7e-04	0.0164	0.0091	
OlympicG	0.9051	0.0074	7e-04	0.0164	0.0091	

v.test
   	Dim.1	Dim.2	Dim.3	Dim.4	Dim.5	
Decastar	-2.9708	0.4034	-0.1529	0.8971	0.7202	
OlympicG	2.9708	-0.4034	0.1529	-0.8971	-0.7202	

dist
1.412108	1.294433	
eta2
   	Dim.1	Dim.2	Dim.3	Dim.4	Dim.5	
Competition	0.4012	0.0074	0.0011	0.0366	0.0236	

